365.92981	9.852108
375.59399	9.796976
385.26254	9.744104
394.93552	9.693492
404.61288	9.64514
414.29462	9.599048
423.98077	9.555216
433.6713	9.513644
443.36621	9.474332
453.06552	9.43728
462.7692	9.402488
472.47729	9.369956
482.18976	9.339684
491.90665	9.311672
501.6279	9.28592
511.35355	9.262428
521.08356	9.241196
530.81799	9.222224
540.55682	9.205512
550.30005	9.19106
560.04767	9.178868
569.79962	9.168936
579.55603	9.161264
589.31677	9.155852
599.08191	9.1527
608.8515	9.151808
618.62543	9.153176
628.40375	9.156804
638.18646	9.162692
647.97357	9.17084
657.76508	9.181248
667.56097	9.193916
655.7923	9.9084704
665.59937	9.8487076
675.40125	9.7987116
685.19794	9.7584824
694.98938	9.72802
704.77563	9.7073244
714.55664	9.6963956
724.33252	9.6952336
734.10309	9.7038384
743.86853	9.72221
753.62872	9.7503484
763.38373	9.7882536
773.13348	9.8359256
782.87805	9.8933644
792.61743	9.96057
802.35156	10.0375424
812.08051	10.1242816
821.80426	10.2207876
831.52277	10.3270604
841.23608	10.4431
850.94415	10.5689064
860.64709	10.7044796
870.34479	10.8498196
880.03723	11.0049264
889.72449	11.1698
899.40656	11.3444404
909.08337	11.5288476
918.75507	11.7230216
928.42145	11.9269624
938.0827	10.78153
947.73871	9.76180425
957.38947	9.760064
967.0351	9.75932425
976.67548	9.759585
986.31061	9.76084625
995.94055	9.763108
1005.56531	9.76637025
1015.18488	9.770633
1024.79919	9.77589625
1034.40833	9.78216
1044.01221	9.78942425
1053.61096	9.797689
1063.20447	9.80695425
1072.79272	9.81722
1082.37573	9.82848625
1091.95361	9.840753
1101.52625	9.85402025
1111.09375	9.868288
1120.65601	9.88355625
1130.21301	9.899825
1139.76477	9.91709425
1149.3114	9.935364
1158.85278	9.95463425
1168.38904	9.974905
1177.91992	9.99617625
1187.4458	10.018448
1196.96631	10.04172025
1206.48169	10.065993
1215.99182	10.09126625
1225.4967	10.11754
1234.99646	10.14481425
1244.49097	10.173089
1253.98022	10.20236425
1263.46436	10.23264
1253.37292	10.83826435
1263.3457	10.83266619
1273.31824	10.82720553
1283.29053	10.82188237
1293.26245	10.8166967
1303.23425	10.81164853
1313.20581	10.80673785
1323.17712	10.80196467
1333.14807	10.79732899
1343.1189	10.7928308
1353.08948	10.78847011
1363.05981	10.78424691
1373.02991	10.78016121
1382.99976	10.77621301
1392.96936	10.7724023
1402.93872	10.76872909
1412.90784	10.76519337
1422.87671	10.76179515
1432.84534	10.75853443
1442.81372	10.7554112
1452.78186	10.75242547
1462.74988	10.74957723
1472.71753	10.74686649
1482.68494	10.74429325
1492.6521	10.7418575
1502.61902	10.73955925
1512.58582	10.73739849
1522.55225	10.73537523
1532.51843	10.73348947
1542.4845	10.7317412
1552.4502	10.73013043
1562.41565	10.72865715
1572.38098	10.72732137
1582.34595	10.72612309
1592.31079	10.7250623
1602.27527	10.72413901
1612.23962	10.72335321
1622.20361	10.72270491
1632.16748	10.72219411
1642.13098	10.7218208
1652.09436	10.72158499
1662.0575	10.72148667
1672.02026	10.72152585
1681.98291	10.72170253
1691.94531	10.7220167
1701.90735	10.72246837
1711.86926	10.72305753
1721.83093	10.72378419
1731.79236	10.72464835
1741.75342	10.72565
1751.71436	10.72678915
1761.67505	10.72806579
1771.6355	10.72947993
1781.5957	10.73103157
1791.55566	10.7327207
1801.51538	10.73454733
1811.47485	10.73651145
1821.43408	10.73861307
1831.39307	10.74085219
1841.35181	10.7432288
1851.3103	10.74574291
1861.26855	10.74839451
1871.22656	10.75118361
1872.38428	10.75411021
1866.86377	11.16661287
1876.92529	11.15790888
1886.98462	11.14888803
1897.0415	11.13955032
1907.09607	11.12989575
1917.14844	11.11992432
1927.19849	11.10963603
1937.24609	11.09903088
1947.2915	11.08810887
1957.33459	11.07687
1967.37537	11.06531427
1977.41382	11.05344168
1987.45007	11.04125223
1997.48389	11.02874592
2007.51538	11.01592275
2017.54468	11.00278272
2027.57166	10.98932583
2037.59619	10.97555208
2047.61865	10.96146147
2057.63867	10.947054
2067.65625	10.93232967
2077.67163	10.91728848
2087.68481	10.90193043
2097.69556	10.88625552
2107.7041	10.87026375
2117.71021	10.85395512
2127.71411	10.83732963
2137.71558	10.82038728
2147.71484	10.80312807
2157.71191	10.785552
2167.70654	10.76765907
2177.69897	10.74944928
2187.68896	10.73092263
2197.67651	10.71207912
2207.66211	10.69291875
2217.64526	10.67344152
2227.62598	10.65364743
2237.60449	10.63353648
2247.58057	10.61310867
2257.55444	10.592364
2267.52612	10.57130247
2277.49536	10.54992408
2287.4624	10.52822883
2297.427	10.50621672
2307.3894	10.48388775
2317.34937	10.46124192
2327.30713	10.43827923
2337.26245	10.41499968
2347.21558	10.39140327
2357.1665	10.36749
2367.11499	10.34325987
2377.06104	10.31871288
2387.00513	10.29384903
2396.94653	10.26866832
2406.88599	10.24317075
2416.823	10.21735632
2426.75757	10.19122503
2436.68994	10.16477688
2446.61987	10.13801187
2456.54761	10.11093
2466.47314	10.08353127
2476.39624	10.05581568
2486.31714	10.02778323
2496.2356	9.99943392
